# Service Area Neighborhood Coordinates 
xyfpse <- c(-90.2679, -90.2423, 38.6176, 38.6334)
xycwe <- c(-90.2759, -90.2368, 38.6286, 38.6552)
xybot <- c(-90.2596, -90.2359, 38.6165, 38.6291)
xydbp <- c(-90.2869, -90.2726, 38.6433, 38.6566)
xysdb <- c(-90.3026, -90.2827, 38.6456, 38.6571)
xywe <- c(-90.3020, -90.2712, 38.6517, 38.6710)
xyvp <- c(-90.2803, -90.2712, 38.6517, 38.6622)
xyac <- c(-90.2744, -90.2609, 38.6505, 38.6661)
xyfp <- c(-90.2648, -90.2543, 38.6493, 38.6655)
xylp <- c(-90.2588, -90.2437, 38.6481, 38.6624)
xyvd <- c(-90.2520, -90.2304, 38.6426, 38.6585)